83 0.149414 0.487109 0.094922 0.088281
83 0.082812 0.507812 0.027344 0.025000
83 0.186914 0.389453 0.024609 0.032031
37 0.125781 0.632031 0.020313 0.037500
83 0.609570 0.551953 0.041016 0.046094
83 0.229102 0.490625 0.014453 0.017188
83 0.850391 0.545703 0.078906 0.097656
83 0.730859 0.556250 0.022656 0.037500
83 0.749805 0.559766 0.014453 0.039844
83 0.690039 0.615234 0.077734 0.080469
83 0.737695 0.612500 0.038672 0.100000
83 0.774609 0.589844 0.055469 0.051562
83 0.834570 0.635547 0.101953 0.055469
83 0.814648 0.492188 0.015234 0.065625
83 0.806250 0.481641 0.032031 0.027344
83 0.772852 0.627344 0.052734 0.062500
107 0.203516 0.494922 0.007812 0.008594
