145 0.444531 0.779167 0.170313 0.302778
49 0.273958 0.818981 0.102083 0.191667
49 0.614062 0.775000 0.137500 0.255556
84 0.929427 0.580556 0.040104 0.048148
14 0.066406 0.567593 0.032813 0.038889
14 0.244010 0.618056 0.046354 0.056481
101 0.621094 0.469444 0.123438 0.111111
68 0.649479 0.573148 0.011458 0.029630
15 0.498958 0.747685 0.044792 0.071296
49 0.375000 0.922222 0.162500 0.150000
84 0.446354 0.611574 0.060417 0.076852
15 0.580208 0.780093 0.019792 0.043519
7 0.374740 0.697222 0.060937 0.074074
