83 0.142187 0.489453 0.095312 0.088281
83 0.079883 0.508594 0.026953 0.023438
83 0.186719 0.391406 0.025000 0.032813
37 0.126172 0.632422 0.020313 0.038281
83 0.609570 0.552344 0.041016 0.046875
83 0.227539 0.489844 0.014453 0.017188
83 0.855469 0.542969 0.078906 0.098437
83 0.730078 0.557031 0.021875 0.037500
83 0.749609 0.562500 0.014844 0.040625
83 0.692773 0.617969 0.077734 0.076563
83 0.736914 0.612109 0.038672 0.100781
83 0.773438 0.588281 0.055469 0.051562
83 0.838867 0.635547 0.101953 0.055469
83 0.816211 0.496484 0.012109 0.057031
83 0.808789 0.481250 0.032422 0.028125
83 0.773438 0.625391 0.053125 0.063281
107 0.203711 0.496094 0.008203 0.009375
