49 0.168750 0.797685 0.231250 0.404630
14 0.396875 0.920370 0.078125 0.159259
49 0.838802 0.736111 0.190104 0.505556
66 0.568750 0.763889 0.091667 0.111111
14 0.591927 0.622222 0.018229 0.046296
49 0.923177 0.648611 0.052604 0.089815
84 0.901042 0.562037 0.111458 0.183333
63 0.442708 0.620833 0.010417 0.015741
84 0.749219 0.791667 0.044271 0.079630
14 0.379167 0.585648 0.091667 0.087963
68 0.748698 0.618519 0.026562 0.042593
66 0.320312 0.569444 0.084375 0.116667
14 0.610156 0.803241 0.041146 0.110185
