49 0.244531 0.784722 0.389062 0.436111
14 0.390104 0.875926 0.095833 0.144444
49 0.836719 0.748611 0.210938 0.480556
66 0.609115 0.775000 0.079687 0.111111
14 0.568229 0.623148 0.031250 0.046296
49 0.913281 0.643519 0.057813 0.087037
84 0.867188 0.521296 0.144792 0.142593
63 0.426563 0.643519 0.020833 0.024074
84 0.745052 0.775463 0.019271 0.060185
14 0.373958 0.588426 0.081250 0.087963
68 0.746615 0.624074 0.024479 0.042593
66 0.260156 0.605556 0.088021 0.133333
14 0.575781 0.763889 0.079687 0.098148
