49 0.209375 0.801389 0.315625 0.402778
14 0.394792 0.911574 0.083333 0.154630
49 0.818750 0.750000 0.178125 0.466667
66 0.587240 0.766667 0.082812 0.096296
14 0.578646 0.624074 0.028125 0.044444
49 0.917448 0.645370 0.057813 0.070370
84 0.895833 0.553704 0.107292 0.200000
63 0.435677 0.636574 0.020313 0.019444
84 0.743750 0.782870 0.035417 0.086111
14 0.376823 0.587500 0.086979 0.100926
68 0.749740 0.623148 0.028646 0.040741
66 0.291406 0.582407 0.083854 0.129630
14 0.601823 0.781019 0.071354 0.100926
