83 0.011523 0.520703 0.023047 0.074219
83 0.019336 0.505859 0.026953 0.024219
83 0.105664 0.444922 0.044141 0.038281
37 0.129688 0.648828 0.024219 0.028906
83 0.560156 0.544531 0.083594 0.070312
83 0.187695 0.485547 0.023828 0.025781
83 0.925391 0.557031 0.021094 0.068750
83 0.752148 0.556641 0.052734 0.049219
83 0.797656 0.558203 0.044531 0.046094
83 0.761328 0.604688 0.069531 0.068750
83 0.741211 0.624609 0.031641 0.074219
83 0.700391 0.584766 0.039844 0.067969
83 0.770508 0.498828 0.059766 0.069531
83 0.838672 0.534375 0.027344 0.026562
83 0.861719 0.481641 0.028125 0.025781
83 0.781836 0.611719 0.033984 0.073438
83 0.988477 0.515625 0.021484 0.056250
107 0.201563 0.494531 0.004687 0.009375
