37 0.136914 0.628125 0.019922 0.029687
83 0.357031 0.541016 0.064844 0.086719
83 0.028516 0.517969 0.028125 0.032813
83 0.852148 0.510547 0.051172 0.042969
83 0.878711 0.562109 0.038672 0.102344
83 0.824023 0.564453 0.036328 0.083594
83 0.753711 0.603906 0.055078 0.106250
83 0.776563 0.508203 0.028906 0.021094
83 0.682227 0.621484 0.028516 0.083594
83 0.789258 0.575391 0.032422 0.044531
83 0.920312 0.542188 0.010937 0.053125
83 0.962305 0.518750 0.003516 0.025000
83 0.982422 0.519531 0.026562 0.039062
107 0.224805 0.468750 0.004297 0.007812
107 0.180078 0.507031 0.003125 0.007812
107 0.231836 0.499219 0.005078 0.009375
107 0.241992 0.499219 0.005078 0.009375
