37 0.133203 0.619531 0.022656 0.028125
83 0.323047 0.523047 0.045312 0.080469
83 0.012695 0.515234 0.019141 0.030469
83 0.871680 0.515625 0.048047 0.046875
83 0.873047 0.591797 0.050000 0.078906
83 0.829297 0.566016 0.025781 0.072656
83 0.767969 0.604688 0.043750 0.093750
83 0.798047 0.510547 0.028906 0.021094
83 0.699219 0.626953 0.049219 0.074219
83 0.778906 0.575391 0.021094 0.047656
83 0.906445 0.569141 0.010547 0.046094
83 0.959961 0.519922 0.007422 0.025781
83 0.969336 0.534375 0.030859 0.048438
83 0.917773 0.482422 0.006641 0.033594
107 0.214062 0.486328 0.004687 0.008594
107 0.178516 0.507031 0.003125 0.007812
107 0.229492 0.500000 0.005078 0.009375
107 0.240820 0.502344 0.005078 0.009375
107 0.151367 0.552734 0.006641 0.013281
