49 0.237500 0.790278 0.362500 0.425000
14 0.392448 0.893519 0.085938 0.146296
49 0.841406 0.723611 0.223438 0.541667
66 0.596094 0.768056 0.092188 0.108333
14 0.573177 0.622685 0.034896 0.045370
49 0.916927 0.643056 0.060937 0.089815
84 0.884896 0.528241 0.133333 0.178704
63 0.432292 0.642130 0.022917 0.019444
84 0.744531 0.782870 0.029687 0.067593
14 0.371094 0.588426 0.075521 0.093519
68 0.750260 0.618981 0.031771 0.036111
66 0.277083 0.595370 0.081250 0.127778
14 0.594531 0.772685 0.088021 0.099074
