83 0.036523 0.491016 0.040234 0.033594
37 0.129883 0.651953 0.023047 0.021094
83 0.492578 0.549219 0.092969 0.087500
83 0.120898 0.494141 0.042578 0.028906
83 0.882227 0.525391 0.031641 0.041406
83 0.779297 0.545312 0.053125 0.042188
83 0.843164 0.513672 0.047266 0.049219
83 0.793945 0.573047 0.056641 0.058594
83 0.737500 0.621875 0.022656 0.079687
83 0.696289 0.549609 0.028516 0.038281
83 0.715820 0.508984 0.056641 0.085156
83 0.832227 0.548828 0.019922 0.036719
83 0.907227 0.483594 0.034766 0.029687
83 0.866016 0.611328 0.063281 0.089844
83 0.945117 0.510938 0.017578 0.028125
107 0.214062 0.489453 0.007031 0.010156
107 0.186328 0.524219 0.008594 0.010937
