37 0.141211 0.641797 0.010547 0.030469
83 0.392773 0.543750 0.071484 0.073438
83 0.052344 0.509766 0.042969 0.028906
83 0.860547 0.526172 0.027344 0.033594
83 0.831445 0.519141 0.052734 0.047656
83 0.875781 0.548047 0.039062 0.116406
83 0.820117 0.563281 0.044141 0.070312
83 0.743945 0.615625 0.042578 0.090625
83 0.748633 0.512891 0.032422 0.025781
83 0.674609 0.607422 0.042188 0.111719
83 0.796875 0.574219 0.029687 0.040625
83 0.922461 0.513672 0.013672 0.047656
83 0.949414 0.535156 0.028516 0.046875
83 0.988867 0.508984 0.020703 0.035156
107 0.225391 0.470703 0.007031 0.010156
107 0.181641 0.508594 0.003125 0.007812
107 0.232227 0.499219 0.005078 0.009375
107 0.240430 0.496875 0.005078 0.009375
