37 0.109766 0.632812 0.021094 0.035937
83 0.298438 0.507031 0.045312 0.062500
83 0.009961 0.514062 0.019922 0.037500
83 0.894727 0.535547 0.049609 0.041406
83 0.861914 0.605078 0.070703 0.061719
83 0.826367 0.548438 0.031641 0.060937
83 0.783008 0.612500 0.025391 0.073438
83 0.820703 0.514453 0.028906 0.021094
83 0.717773 0.627344 0.057422 0.073438
83 0.784570 0.577344 0.018359 0.059375
83 0.892578 0.595703 0.010937 0.038281
83 0.955273 0.517578 0.008203 0.014844
83 0.955273 0.544922 0.059766 0.057031
83 0.919922 0.458594 0.010937 0.062500
37 0.569922 0.647656 0.022656 0.012500
83 0.135742 0.489063 0.011328 0.015625
107 0.210156 0.493359 0.004687 0.008594
107 0.176953 0.507031 0.003125 0.007812
107 0.228320 0.501563 0.005078 0.009375
107 0.149219 0.559375 0.007031 0.014063
