49 0.183594 0.793056 0.264062 0.402778
14 0.392448 0.916667 0.078646 0.166667
49 0.821615 0.729167 0.180729 0.519444
66 0.582552 0.771296 0.092188 0.114815
14 0.584635 0.625463 0.021354 0.043519
49 0.921615 0.647685 0.056771 0.091667
84 0.905990 0.550000 0.086979 0.157407
63 0.440104 0.629167 0.013542 0.015741
84 0.746094 0.787963 0.042188 0.077778
14 0.378385 0.586111 0.090104 0.094444
68 0.745573 0.622222 0.020313 0.037037
66 0.306250 0.577778 0.087500 0.116667
14 0.611198 0.799074 0.063021 0.103704
