83 0.013281 0.502734 0.026562 0.032031
37 0.131641 0.647266 0.021094 0.028906
83 0.440234 0.542578 0.085938 0.077344
83 0.083984 0.501172 0.042969 0.028906
83 0.875000 0.522656 0.045312 0.037500
83 0.807227 0.547266 0.048828 0.044531
83 0.862695 0.528516 0.030859 0.094531
83 0.810742 0.562500 0.052734 0.053125
83 0.737891 0.619141 0.035156 0.085156
83 0.723047 0.522266 0.026562 0.032031
83 0.694141 0.558203 0.047656 0.110156
83 0.824219 0.560156 0.030469 0.056250
83 0.923633 0.492578 0.011328 0.030469
83 0.928125 0.558203 0.026562 0.060156
83 0.931836 0.514844 0.017578 0.028125
83 0.996680 0.501172 0.005078 0.021094
107 0.225391 0.474609 0.007031 0.010156
107 0.195117 0.513281 0.007422 0.009375
107 0.182812 0.510547 0.003125 0.007031
107 0.236914 0.501953 0.005078 0.008594
107 0.241602 0.496094 0.005078 0.009375
