83 0.101758 0.493750 0.096484 0.084375
83 0.059570 0.507812 0.026953 0.023438
83 0.153125 0.408203 0.014063 0.022656
37 0.127734 0.637891 0.020313 0.038281
83 0.598437 0.545312 0.046094 0.057813
83 0.220703 0.485547 0.021875 0.021094
83 0.860156 0.538672 0.076563 0.086719
83 0.729883 0.564063 0.022266 0.046875
83 0.765625 0.566016 0.041406 0.041406
83 0.700586 0.619922 0.079297 0.061719
83 0.743750 0.623828 0.045312 0.078906
83 0.762500 0.587500 0.055469 0.051562
83 0.799609 0.585547 0.021875 0.053906
83 0.820117 0.514062 0.017578 0.045312
83 0.824023 0.485156 0.032422 0.028125
83 0.777344 0.620313 0.047656 0.071875
107 0.205664 0.500000 0.008203 0.009375
