83 0.045117 0.501953 0.087891 0.086719
83 0.039258 0.506641 0.026953 0.024219
83 0.136133 0.423047 0.039453 0.033594
37 0.131445 0.649219 0.023828 0.028125
83 0.585156 0.540234 0.057813 0.060156
83 0.205273 0.486719 0.022266 0.021875
83 0.903711 0.548438 0.067578 0.079687
83 0.738281 0.562500 0.036719 0.042188
83 0.784570 0.561719 0.044922 0.034375
83 0.731445 0.612109 0.085547 0.061719
83 0.745898 0.623437 0.041797 0.078125
83 0.720898 0.590625 0.039453 0.045312
83 0.786719 0.539062 0.040625 0.068750
83 0.827539 0.530469 0.029297 0.048438
83 0.843555 0.484375 0.032422 0.028125
83 0.783008 0.607031 0.035547 0.089063
107 0.204102 0.496875 0.004297 0.009375
