83 0.007812 0.506250 0.015625 0.023438
83 0.072266 0.466406 0.042969 0.040625
37 0.129688 0.649609 0.024219 0.028906
83 0.533789 0.546875 0.101953 0.079687
83 0.149805 0.490234 0.020703 0.027344
83 0.907813 0.540234 0.042188 0.052344
83 0.764648 0.550391 0.058984 0.058594
83 0.822266 0.542969 0.039062 0.060937
83 0.779297 0.579297 0.067187 0.060156
83 0.740820 0.623828 0.030078 0.078906
83 0.688477 0.559375 0.014453 0.057813
83 0.744336 0.487891 0.058984 0.057031
83 0.835352 0.541797 0.023828 0.032031
83 0.880078 0.482812 0.034375 0.029687
83 0.812695 0.628516 0.081641 0.041406
83 0.970117 0.515625 0.033984 0.046875
107 0.208594 0.491797 0.007031 0.010156
