94 0.064583 0.591250 0.132292 0.345833
83 0.435156 0.589167 0.148438 0.295000
83 0.351042 0.411667 0.101042 0.100000
5 0.410417 0.195417 0.010417 0.010833
5 0.394531 0.235000 0.009896 0.008333
5 0.410156 0.252500 0.008854 0.011667
5 0.417448 0.230000 0.007812 0.010000
5 0.431250 0.232917 0.010417 0.009167
5 0.391406 0.278750 0.007812 0.010833
5 0.476042 0.248333 0.008333 0.015000
5 0.588802 0.217917 0.010937 0.014167
5 0.634635 0.235833 0.009896 0.013333
5 0.553125 0.312083 0.007292 0.012500
5 0.826302 0.199167 0.013021 0.015000
115 0.397396 0.402500 0.008333 0.013333
5 0.420573 0.263750 0.008854 0.012500
5 0.554948 0.286667 0.006771 0.011667
115 0.226562 0.432500 0.011458 0.023333
115 0.266146 0.381667 0.012500 0.015000
115 0.238802 0.382500 0.008854 0.016667
115 0.208854 0.378750 0.010417 0.014167
115 0.423698 0.401250 0.011979 0.014167
5 0.402344 0.327500 0.014063 0.013333
5 0.380990 0.316667 0.010937 0.013333
5 0.381510 0.278750 0.006771 0.010833
5 0.367188 0.273750 0.008333 0.015833
5 0.396875 0.234583 0.007292 0.010833
5 0.411719 0.270417 0.009896 0.010833
5 0.474740 0.263333 0.008854 0.013333
5 0.463021 0.251667 0.010417 0.010000
5 0.440885 0.237083 0.010937 0.015833
5 0.572396 0.218750 0.009375 0.014167
5 0.853646 0.236667 0.017708 0.018333
5 0.828646 0.214583 0.011458 0.012500
5 0.905729 0.218750 0.015625 0.017500
5 0.829427 0.159167 0.014063 0.016667
5 0.319271 0.276667 0.011458 0.013333
5 0.467448 0.323333 0.010937 0.011667
5 0.371094 0.287917 0.007812 0.010833
5 0.382812 0.262083 0.010417 0.014167
5 0.470052 0.190417 0.009896 0.015833
