94 0.243490 0.518750 0.169271 0.275833
83 0.593490 0.566667 0.200521 0.273333
42 0.477344 0.450833 0.019271 0.015000
83 0.314323 0.403750 0.035937 0.029167
5 0.404687 0.240000 0.010417 0.013333
5 0.392969 0.251667 0.008854 0.008333
5 0.389844 0.261250 0.009896 0.010833
5 0.380469 0.254167 0.010937 0.010000
5 0.376563 0.270000 0.010417 0.010000
5 0.391406 0.280000 0.009896 0.011667
5 0.368490 0.297500 0.009896 0.013333
5 0.439844 0.274167 0.010937 0.016667
5 0.593490 0.258333 0.010937 0.013333
5 0.642969 0.266250 0.013021 0.017500
5 0.691406 0.290000 0.009896 0.011667
5 0.694010 0.249167 0.007812 0.011667
5 0.833333 0.233750 0.018750 0.017500
5 0.804948 0.221250 0.016146 0.014167
5 0.820312 0.202917 0.015625 0.014167
115 0.408333 0.400417 0.008333 0.012500
5 0.691146 0.280000 0.011458 0.013333
5 0.400260 0.260000 0.008854 0.011667
