94 0.215625 0.511667 0.187500 0.271667
83 0.610938 0.587083 0.182292 0.295833
42 0.488802 0.452083 0.023438 0.019167
83 0.291406 0.414583 0.031771 0.030833
83 0.012760 0.417917 0.026562 0.074167
5 0.407292 0.236250 0.010417 0.014167
5 0.395573 0.248750 0.009896 0.010833
5 0.392969 0.258750 0.009896 0.009167
5 0.384635 0.252917 0.009896 0.009167
5 0.380729 0.264167 0.009375 0.010000
5 0.394792 0.278750 0.009375 0.009167
5 0.371615 0.295000 0.009896 0.013333
5 0.443490 0.270417 0.010937 0.017500
5 0.597656 0.251667 0.010937 0.013333
5 0.648438 0.256667 0.013542 0.016667
5 0.684635 0.291250 0.016146 0.015833
5 0.695573 0.245833 0.008854 0.013333
5 0.833854 0.233333 0.018750 0.016667
5 0.810677 0.217083 0.016146 0.014167
5 0.821094 0.197917 0.015104 0.014167
115 0.406771 0.405000 0.009375 0.013333
5 0.697396 0.277083 0.014583 0.015833
115 0.256771 0.381667 0.009375 0.015000
5 0.403906 0.253333 0.007812 0.011667
5 0.452604 0.251250 0.009375 0.014167
