94 0.249479 0.517083 0.180208 0.265833
83 0.585677 0.555833 0.201563 0.273333
42 0.471354 0.450000 0.016667 0.013333
83 0.323698 0.398333 0.030729 0.028333
5 0.402344 0.244167 0.010937 0.011667
5 0.390104 0.254583 0.008333 0.009167
5 0.387240 0.263750 0.009896 0.010833
5 0.378125 0.255000 0.010417 0.010000
5 0.373958 0.273750 0.010417 0.009167
5 0.390625 0.279167 0.010417 0.013333
5 0.366406 0.298750 0.009896 0.014167
5 0.438542 0.275417 0.010417 0.015833
5 0.591927 0.261250 0.010937 0.012500
5 0.640885 0.270833 0.011979 0.016667
5 0.693750 0.290000 0.007292 0.011667
5 0.693750 0.250417 0.007292 0.010833
5 0.833594 0.234583 0.019271 0.019167
5 0.801042 0.224167 0.015625 0.015000
5 0.820312 0.205417 0.015625 0.014167
115 0.409375 0.399583 0.008333 0.012500
5 0.687760 0.284167 0.010937 0.013333
115 0.305469 0.405000 0.007812 0.013333
5 0.397917 0.263333 0.009375 0.011667
