94 0.283073 0.538750 0.234896 0.289167
83 0.534115 0.494167 0.164062 0.248333
42 0.433854 0.447500 0.021875 0.015000
83 0.382552 0.355417 0.026562 0.027500
5 0.394010 0.260833 0.008854 0.010000
5 0.381250 0.263750 0.009375 0.009167
5 0.376042 0.274167 0.008333 0.008333
5 0.367708 0.261667 0.008333 0.010000
5 0.387500 0.277917 0.008333 0.009167
5 0.584896 0.265000 0.011458 0.011667
5 0.631771 0.280833 0.014583 0.013333
5 0.703646 0.288333 0.007292 0.011667
5 0.700781 0.253750 0.007812 0.009167
5 0.833594 0.239583 0.019271 0.019167
5 0.791146 0.230833 0.010417 0.016667
5 0.820312 0.213750 0.015625 0.014167
5 0.678385 0.295417 0.009896 0.014167
115 0.318490 0.394583 0.008854 0.015833
