94 0.266146 0.527917 0.207292 0.277500
83 0.558073 0.522083 0.189062 0.277500
42 0.450000 0.449167 0.016667 0.016667
83 0.362500 0.365417 0.006250 0.012500
5 0.397917 0.252083 0.010417 0.010833
5 0.385677 0.259583 0.008854 0.009167
5 0.380990 0.269167 0.008854 0.008333
5 0.374479 0.257083 0.009375 0.009167
5 0.369271 0.280417 0.008333 0.009167
5 0.389062 0.277917 0.010417 0.014167
5 0.435937 0.277917 0.009375 0.015833
5 0.589063 0.262500 0.010417 0.011667
5 0.638802 0.275000 0.010937 0.016667
5 0.698958 0.290000 0.007292 0.011667
5 0.696875 0.252083 0.007292 0.010833
5 0.833594 0.237083 0.019271 0.019167
5 0.795052 0.228333 0.015104 0.015000
5 0.820312 0.209583 0.015625 0.014167
5 0.682031 0.291667 0.010937 0.013333
115 0.314063 0.397500 0.009375 0.015000
