94 0.238021 0.521250 0.158333 0.285833
83 0.601823 0.577083 0.195312 0.279167
42 0.483073 0.451250 0.021354 0.017500
83 0.304688 0.407917 0.032292 0.030833
5 0.405729 0.238333 0.010417 0.015000
5 0.394010 0.250000 0.010937 0.011667
5 0.391927 0.259167 0.009896 0.010000
5 0.382812 0.253333 0.011458 0.010000
5 0.379167 0.265833 0.011458 0.010000
5 0.392448 0.280833 0.009896 0.010000
5 0.370312 0.295833 0.009375 0.013333
5 0.440885 0.272500 0.010937 0.018333
5 0.595052 0.255417 0.010937 0.014167
5 0.645312 0.261667 0.014583 0.018333
5 0.689323 0.290417 0.013021 0.010833
5 0.694010 0.247500 0.007812 0.013333
5 0.833333 0.232917 0.018750 0.015833
5 0.808333 0.218750 0.016667 0.014167
5 0.820312 0.200417 0.015625 0.014167
115 0.407813 0.402083 0.008333 0.012500
5 0.693229 0.279167 0.013542 0.015000
115 0.256250 0.380417 0.008333 0.014167
5 0.402604 0.257500 0.008333 0.011667
