94 0.236198 0.522083 0.154688 0.289167
83 0.604948 0.580417 0.191146 0.284167
42 0.484896 0.451250 0.021875 0.017500
83 0.301302 0.409167 0.029687 0.031667
5 0.406250 0.237917 0.010417 0.015833
5 0.394792 0.249583 0.011458 0.012500
5 0.392969 0.259167 0.009896 0.010000
5 0.383854 0.253333 0.011458 0.010000
5 0.380208 0.265000 0.011458 0.010000
5 0.392969 0.281250 0.009896 0.009167
5 0.371354 0.295833 0.009375 0.013333
5 0.441406 0.272500 0.010937 0.018333
5 0.595833 0.254583 0.011458 0.014167
5 0.646354 0.260417 0.014583 0.019167
5 0.688281 0.290417 0.013021 0.010833
5 0.694531 0.247500 0.007812 0.013333
5 0.833594 0.233333 0.018229 0.015000
5 0.809896 0.217917 0.016667 0.014167
5 0.820833 0.199583 0.015625 0.014167
115 0.407292 0.402917 0.008333 0.012500
5 0.694010 0.279167 0.014063 0.015000
115 0.256250 0.380417 0.008333 0.014167
5 0.402865 0.255833 0.007812 0.011667
5 0.453125 0.255417 0.009375 0.014167
