94 0.269531 0.530000 0.213021 0.280000
83 0.552604 0.515833 0.186458 0.278333
42 0.448437 0.449167 0.015625 0.016667
83 0.364583 0.367500 0.013542 0.023333
5 0.397135 0.253750 0.009896 0.010833
5 0.384635 0.260417 0.008854 0.009167
5 0.379948 0.270000 0.008854 0.008333
5 0.372917 0.257917 0.009375 0.009167
5 0.367708 0.282083 0.007292 0.009167
5 0.388802 0.277917 0.009896 0.012500
5 0.435417 0.277917 0.009375 0.015833
5 0.588802 0.263333 0.009896 0.011667
5 0.637240 0.275833 0.011979 0.016667
5 0.699479 0.289167 0.007292 0.011667
5 0.697656 0.252500 0.007812 0.010000
5 0.833594 0.237917 0.019271 0.019167
5 0.794010 0.229583 0.015104 0.015833
5 0.820312 0.210417 0.015625 0.014167
5 0.681510 0.292500 0.010937 0.013333
115 0.315104 0.396667 0.009375 0.015000
