94 0.239844 0.520417 0.161979 0.282500
83 0.598958 0.574167 0.200000 0.273333
42 0.481250 0.451250 0.020833 0.015833
83 0.308073 0.406667 0.034896 0.030000
5 0.405208 0.238750 0.010417 0.014167
5 0.393750 0.250417 0.010417 0.010833
5 0.391406 0.260000 0.009896 0.010000
5 0.382031 0.253333 0.010937 0.010000
5 0.378385 0.267500 0.010937 0.010000
5 0.391927 0.280417 0.009896 0.010833
5 0.369792 0.296667 0.009375 0.013333
5 0.440365 0.272917 0.010937 0.017500
5 0.594531 0.256250 0.010937 0.014167
5 0.644531 0.263333 0.014063 0.018333
5 0.689844 0.290000 0.011979 0.011667
5 0.694010 0.247917 0.007812 0.012500
5 0.833333 0.233333 0.018750 0.016667
5 0.807292 0.219583 0.016667 0.014167
5 0.820312 0.201250 0.015625 0.014167
115 0.407813 0.401250 0.008333 0.012500
5 0.692448 0.279583 0.013021 0.014167
5 0.401562 0.258333 0.008333 0.011667
