94 0.276302 0.534583 0.223438 0.284167
83 0.543229 0.505000 0.175000 0.263333
42 0.441406 0.447917 0.019271 0.014167
83 0.373437 0.360000 0.021875 0.028333
5 0.395313 0.257083 0.009375 0.010833
5 0.383073 0.262083 0.008854 0.009167
5 0.377865 0.271667 0.008854 0.008333
5 0.370052 0.259583 0.008854 0.009167
5 0.364583 0.284583 0.005208 0.009167
5 0.388021 0.277917 0.009375 0.010833
5 0.586719 0.264167 0.010937 0.011667
5 0.634375 0.278333 0.013542 0.015000
5 0.701562 0.289167 0.007292 0.011667
5 0.699219 0.252917 0.007812 0.009167
5 0.833594 0.238750 0.019271 0.019167
5 0.792448 0.230000 0.013021 0.016667
5 0.820312 0.212083 0.015625 0.014167
5 0.679948 0.293750 0.009896 0.014167
115 0.316667 0.395417 0.009375 0.015833
