94 0.286719 0.541667 0.240104 0.291667
83 0.529687 0.488750 0.158333 0.240833
42 0.428385 0.448750 0.022396 0.015833
83 0.386458 0.353750 0.026042 0.025833
5 0.392969 0.262500 0.008854 0.010000
5 0.380729 0.265000 0.009375 0.010000
5 0.374740 0.275000 0.007812 0.008333
5 0.366406 0.262917 0.006771 0.009167
5 0.387240 0.278333 0.008854 0.010000
5 0.584115 0.265417 0.011979 0.012500
5 0.630990 0.280833 0.013021 0.013333
5 0.704688 0.288333 0.007292 0.011667
5 0.701823 0.253750 0.007812 0.009167
5 0.833333 0.240417 0.019792 0.019167
5 0.790365 0.231250 0.008854 0.015833
5 0.820312 0.214583 0.015625 0.014167
5 0.677344 0.296250 0.009896 0.014167
115 0.318490 0.393750 0.008854 0.015833
