94 0.255990 0.521250 0.191146 0.270833
83 0.574479 0.542500 0.196875 0.275000
42 0.467708 0.450000 0.015625 0.011667
83 0.329948 0.393333 0.016146 0.021667
5 0.400521 0.247083 0.011458 0.010833
5 0.388542 0.257083 0.008333 0.009167
5 0.384375 0.265833 0.009375 0.010000
5 0.376823 0.255833 0.009896 0.010000
5 0.372135 0.276250 0.009896 0.009167
5 0.390104 0.278750 0.010417 0.014167
5 0.437500 0.276250 0.010417 0.015833
5 0.590625 0.261667 0.010417 0.011667
5 0.640104 0.272500 0.011458 0.016667
5 0.695833 0.290000 0.007292 0.011667
5 0.694271 0.251250 0.007292 0.010833
5 0.833594 0.235417 0.019271 0.019167
5 0.798438 0.225833 0.015625 0.015000
5 0.820312 0.207083 0.015625 0.014167
5 0.684896 0.287917 0.011458 0.012500
115 0.308594 0.402500 0.008854 0.013333
5 0.396615 0.265000 0.009896 0.011667
