94 0.247135 0.517083 0.176563 0.269167
83 0.588021 0.559167 0.201042 0.273333
42 0.473438 0.450000 0.017708 0.013333
83 0.320312 0.400000 0.032292 0.028333
5 0.403385 0.242500 0.010937 0.011667
5 0.390885 0.253333 0.008854 0.008333
5 0.388802 0.262917 0.009896 0.010833
5 0.379167 0.255000 0.010417 0.010000
5 0.375000 0.272500 0.010417 0.010000
5 0.390885 0.279583 0.009896 0.012500
5 0.366927 0.298333 0.009896 0.013333
5 0.439323 0.275417 0.010937 0.015833
5 0.592448 0.260000 0.010937 0.013333
5 0.641667 0.270000 0.012500 0.016667
5 0.692708 0.290000 0.008333 0.011667
5 0.693750 0.250000 0.007292 0.011667
5 0.833594 0.234583 0.019271 0.019167
5 0.802344 0.222917 0.016146 0.014167
5 0.820312 0.204583 0.015625 0.014167
115 0.408854 0.399583 0.008333 0.012500
5 0.689323 0.282500 0.010937 0.013333
115 0.303646 0.406250 0.007292 0.012500
5 0.398698 0.262500 0.008854 0.011667
