94 0.292969 0.541667 0.241146 0.295000
83 0.522396 0.482500 0.156250 0.235000
42 0.422917 0.447500 0.019792 0.015000
83 0.390625 0.352083 0.025000 0.024167
5 0.392448 0.264583 0.008854 0.010833
5 0.379167 0.266250 0.009375 0.010833
5 0.373698 0.275833 0.007812 0.008333
5 0.365365 0.264167 0.005729 0.008333
5 0.387240 0.279167 0.008854 0.010000
5 0.583333 0.266250 0.012500 0.012500
5 0.630208 0.281667 0.011458 0.013333
5 0.705729 0.288333 0.007292 0.011667
5 0.702344 0.254167 0.007812 0.008333
5 0.833594 0.240417 0.019271 0.019167
5 0.789844 0.231667 0.007812 0.016667
5 0.820312 0.215417 0.015625 0.014167
5 0.676562 0.297500 0.010417 0.015000
115 0.318750 0.393333 0.009375 0.016667
