94 0.279687 0.536667 0.229167 0.286667
83 0.538542 0.499583 0.169792 0.255833
42 0.438281 0.448750 0.020313 0.012500
83 0.378646 0.357500 0.027083 0.028333
5 0.394531 0.258750 0.008854 0.010833
5 0.382292 0.262917 0.009375 0.009167
5 0.377344 0.273333 0.008854 0.008333
5 0.368750 0.260417 0.008333 0.009167
5 0.387760 0.277500 0.008854 0.010000
5 0.585938 0.264583 0.011458 0.012500
5 0.633073 0.279583 0.014063 0.014167
5 0.702604 0.288333 0.007292 0.011667
5 0.700000 0.253333 0.007292 0.010000
5 0.833594 0.238750 0.019271 0.019167
5 0.791667 0.230417 0.011458 0.015833
5 0.820312 0.212917 0.015625 0.014167
5 0.679688 0.294583 0.009375 0.014167
115 0.317448 0.394583 0.008854 0.015833
