94 0.252604 0.519167 0.185417 0.268333
83 0.579948 0.548750 0.199479 0.274167
42 0.469531 0.449583 0.016146 0.012500
83 0.326823 0.395833 0.023438 0.025000
5 0.401302 0.245417 0.010937 0.010833
5 0.389062 0.255417 0.008333 0.009167
5 0.385937 0.265000 0.009375 0.010000
5 0.377344 0.255417 0.009896 0.009167
5 0.373177 0.275417 0.009896 0.009167
5 0.390104 0.278750 0.010417 0.014167
5 0.365885 0.299583 0.009896 0.014167
5 0.438021 0.276250 0.010417 0.015833
5 0.591146 0.261250 0.010417 0.012500
5 0.640365 0.271667 0.011979 0.016667
5 0.694792 0.290000 0.007292 0.011667
5 0.693750 0.251250 0.007292 0.010833
5 0.833594 0.235417 0.019271 0.019167
5 0.800000 0.225000 0.015625 0.015000
5 0.820312 0.206250 0.015625 0.014167
5 0.686458 0.286250 0.011458 0.012500
115 0.306771 0.403333 0.008333 0.013333
5 0.397396 0.264167 0.009375 0.011667
