94 0.299219 0.542083 0.242188 0.297500
83 0.515365 0.477083 0.153646 0.229167
42 0.422135 0.447500 0.019271 0.015000
83 0.394531 0.350417 0.024479 0.022500
5 0.391667 0.266250 0.008333 0.010833
5 0.377604 0.267917 0.009375 0.010833
5 0.372396 0.276667 0.007292 0.008333
5 0.364583 0.265417 0.004167 0.007500
5 0.387240 0.280000 0.008854 0.010000
5 0.629687 0.281667 0.010417 0.013333
5 0.705990 0.288333 0.006771 0.011667
5 0.703385 0.254583 0.007812 0.009167
5 0.833594 0.241250 0.019271 0.019167
5 0.789323 0.232500 0.006771 0.016667
5 0.820312 0.216250 0.015625 0.014167
115 0.270833 0.417500 0.014583 0.020000
5 0.675521 0.298750 0.010417 0.014167
115 0.318750 0.392917 0.009375 0.015833
