94 0.245312 0.517917 0.172917 0.272500
83 0.590625 0.562500 0.201042 0.273333
42 0.475260 0.450417 0.018229 0.014167
83 0.317448 0.402083 0.033854 0.029167
5 0.404687 0.241250 0.010417 0.012500
5 0.391927 0.252500 0.008854 0.008333
5 0.389323 0.262083 0.009896 0.010833
5 0.379688 0.254583 0.010417 0.009167
5 0.375521 0.271250 0.010417 0.009167
5 0.391146 0.279583 0.010417 0.012500
5 0.367708 0.297917 0.009375 0.014167
5 0.439323 0.274583 0.010937 0.015833
5 0.592969 0.259167 0.010937 0.013333
5 0.642188 0.267917 0.012500 0.017500
5 0.692187 0.290000 0.009375 0.011667
5 0.693750 0.249167 0.007292 0.011667
5 0.833333 0.234167 0.018750 0.018333
5 0.803385 0.222083 0.016146 0.014167
5 0.820312 0.203750 0.015625 0.014167
115 0.408854 0.400417 0.008333 0.012500
5 0.690885 0.280833 0.010937 0.013333
115 0.302344 0.407917 0.006771 0.012500
5 0.399479 0.260833 0.009375 0.011667
