94 0.241667 0.519583 0.165625 0.279167
83 0.596094 0.570000 0.200521 0.273333
42 0.479167 0.450833 0.019792 0.015000
83 0.311458 0.405833 0.037500 0.030000
5 0.405208 0.239583 0.010417 0.014167
5 0.393229 0.250833 0.009375 0.010000
5 0.390885 0.260833 0.009896 0.010000
5 0.381510 0.254167 0.010937 0.010000
5 0.377344 0.268333 0.010937 0.010000
5 0.391927 0.280417 0.009896 0.010833
5 0.369010 0.296667 0.009896 0.013333
5 0.440365 0.273750 0.010937 0.017500
5 0.594010 0.257083 0.010937 0.014167
5 0.643750 0.265000 0.013542 0.018333
5 0.690625 0.290000 0.011458 0.011667
5 0.694010 0.248750 0.007812 0.012500
5 0.833333 0.233750 0.018750 0.017500
5 0.805990 0.220417 0.016146 0.014167
5 0.820312 0.202083 0.015625 0.014167
115 0.408333 0.401250 0.008333 0.012500
5 0.691927 0.279583 0.011979 0.014167
5 0.400781 0.259167 0.008854 0.011667
