94 0.219010 0.527083 0.192188 0.300833
83 0.607812 0.583333 0.186458 0.290000
42 0.486979 0.451667 0.022917 0.018333
83 0.296094 0.411667 0.030729 0.031667
83 0.007031 0.413333 0.015104 0.033333
5 0.406771 0.236667 0.010417 0.015000
5 0.395052 0.249167 0.010937 0.011667
5 0.392969 0.258750 0.009896 0.009167
5 0.384115 0.252917 0.010937 0.009167
5 0.380208 0.264167 0.010417 0.010000
5 0.393750 0.279583 0.009375 0.009167
5 0.371354 0.295000 0.009375 0.013333
5 0.442448 0.271250 0.010937 0.017500
5 0.596615 0.252917 0.010937 0.014167
5 0.647135 0.258333 0.014063 0.018333
5 0.686458 0.290833 0.014583 0.013333
5 0.694792 0.246667 0.008333 0.013333
5 0.833594 0.232917 0.018229 0.015833
5 0.810156 0.217083 0.016146 0.014167
5 0.820833 0.198750 0.015625 0.014167
115 0.407031 0.404167 0.008854 0.013333
5 0.695573 0.277917 0.014063 0.015833
115 0.256510 0.381250 0.008854 0.014167
5 0.403385 0.254583 0.007812 0.010833
5 0.452604 0.252917 0.009375 0.014167
