94 0.259375 0.523333 0.196875 0.273333
83 0.569010 0.535417 0.194271 0.275833
42 0.458073 0.449167 0.019271 0.013333
83 0.333333 0.390833 0.008333 0.018333
5 0.399479 0.248750 0.011458 0.010833
5 0.387500 0.257917 0.008333 0.009167
5 0.383073 0.267083 0.008854 0.009167
5 0.375781 0.256250 0.009896 0.009167
5 0.371354 0.277917 0.009375 0.009167
5 0.389583 0.278333 0.010417 0.015000
5 0.437240 0.277083 0.009896 0.015833
5 0.590104 0.262083 0.010417 0.012500
5 0.639583 0.273333 0.011458 0.016667
5 0.696875 0.290000 0.007292 0.011667
5 0.695312 0.251250 0.007292 0.010833
5 0.833594 0.236250 0.019271 0.019167
5 0.797396 0.226667 0.015625 0.015000
5 0.820312 0.207917 0.015625 0.014167
5 0.683594 0.290417 0.011979 0.012500
115 0.310937 0.400417 0.009375 0.014167
5 0.396094 0.266667 0.009896 0.011667
