94 0.272917 0.532083 0.218750 0.282500
83 0.547656 0.510417 0.180729 0.270833
42 0.444792 0.448333 0.017708 0.015000
83 0.368229 0.363333 0.016667 0.028333
5 0.396094 0.255417 0.009896 0.010833
5 0.384115 0.261250 0.008854 0.009167
5 0.378906 0.270833 0.008854 0.008333
5 0.371615 0.258750 0.008854 0.009167
5 0.366146 0.282917 0.006250 0.009167
5 0.388542 0.277917 0.009375 0.012500
5 0.435156 0.278750 0.008854 0.015833
5 0.587500 0.263333 0.010417 0.011667
5 0.635938 0.277083 0.012500 0.015833
5 0.700521 0.289167 0.007292 0.011667
5 0.698438 0.252500 0.007292 0.010000
5 0.833594 0.237917 0.019271 0.019167
5 0.792969 0.229583 0.014063 0.015833
5 0.820312 0.211250 0.015625 0.014167
5 0.680729 0.292917 0.010417 0.014167
115 0.315885 0.396250 0.008854 0.015833
