94 0.062240 0.592917 0.129688 0.345833
83 0.428906 0.587083 0.145313 0.292500
83 0.355990 0.412083 0.096354 0.100833
5 0.410417 0.195000 0.010417 0.011667
5 0.393750 0.234167 0.009375 0.008333
5 0.409375 0.252917 0.008333 0.010833
5 0.418490 0.228333 0.007812 0.010000
5 0.431771 0.232917 0.010417 0.009167
5 0.391406 0.277917 0.007812 0.010833
5 0.475521 0.248750 0.008333 0.014167
5 0.588281 0.216667 0.010937 0.013333
5 0.633333 0.235833 0.009375 0.013333
5 0.827083 0.197917 0.013542 0.014167
5 0.421094 0.261667 0.008854 0.011667
5 0.554688 0.285000 0.006250 0.011667
115 0.226042 0.432500 0.011458 0.018333
115 0.265365 0.381667 0.011979 0.015000
115 0.238281 0.382917 0.008854 0.017500
115 0.207813 0.378333 0.010417 0.015000
115 0.318750 0.419583 0.006250 0.014167
115 0.424479 0.401250 0.012500 0.014167
5 0.402865 0.326667 0.014063 0.013333
5 0.382031 0.315417 0.010937 0.012500
5 0.381510 0.278750 0.006771 0.010833
5 0.369531 0.271667 0.008854 0.015000
5 0.396875 0.235833 0.007292 0.011667
5 0.413021 0.267083 0.009375 0.010833
5 0.473698 0.262500 0.008854 0.013333
5 0.463021 0.250833 0.010417 0.010000
5 0.441667 0.238333 0.011458 0.016667
5 0.573438 0.218333 0.009375 0.013333
5 0.850000 0.237500 0.017708 0.018333
5 0.828125 0.213750 0.011458 0.012500
5 0.904687 0.218750 0.015625 0.017500
5 0.830469 0.157500 0.014063 0.016667
5 0.319271 0.275833 0.011458 0.013333
5 0.467969 0.322500 0.010937 0.011667
5 0.371354 0.286250 0.007292 0.010833
5 0.383333 0.261667 0.010417 0.011667
5 0.470573 0.189583 0.009896 0.015833
