94 0.262760 0.525833 0.201563 0.275000
83 0.563542 0.529167 0.191667 0.276667
42 0.451823 0.449583 0.018229 0.015833
5 0.398698 0.250417 0.010937 0.010833
5 0.386458 0.258750 0.008333 0.009167
5 0.382031 0.268333 0.008854 0.008333
5 0.375000 0.256250 0.009375 0.009167
5 0.370833 0.279583 0.009375 0.009167
5 0.389583 0.278333 0.010417 0.015000
5 0.436458 0.277083 0.009375 0.015833
5 0.589583 0.262500 0.010417 0.011667
5 0.639062 0.274167 0.011458 0.016667
5 0.697917 0.290000 0.007292 0.011667
5 0.695833 0.251667 0.007292 0.010000
5 0.833594 0.236250 0.019271 0.019167
5 0.796094 0.227500 0.015104 0.015000
5 0.820312 0.208750 0.015625 0.014167
5 0.682813 0.290833 0.011458 0.013333
115 0.313542 0.398333 0.009375 0.015000
