83 0.283854 0.476250 0.247917 0.207500
83 0.285677 0.283333 0.043229 0.035000
83 0.822917 0.740833 0.133333 0.251667
83 0.074740 0.927917 0.118229 0.144167
83 0.116927 0.735000 0.048438 0.160000
83 0.372656 0.354583 0.023438 0.030833
83 0.665885 0.899583 0.219271 0.159167
120 0.497917 0.713750 0.037500 0.094167
83 0.203906 0.709583 0.070312 0.142500
83 0.519792 0.770833 0.148958 0.203333
83 0.630469 0.415833 0.134896 0.130000
83 0.319271 0.575417 0.028125 0.075833
119 0.187760 0.232083 0.057813 0.074167
83 0.908594 0.731667 0.160938 0.160000
83 0.269792 0.348333 0.045833 0.053333
7 0.448958 0.856667 0.301042 0.288333
83 0.387760 0.406250 0.028646 0.034167
