83 0.469792 0.622500 0.234375 0.200000
83 0.320573 0.283750 0.023438 0.029167
83 0.823177 0.756667 0.135937 0.275000
83 0.247656 0.397083 0.046354 0.042500
83 0.232552 0.801250 0.269271 0.389167
83 0.229427 0.605417 0.093229 0.172500
83 0.378385 0.366250 0.023438 0.030833
83 0.563021 0.875000 0.191667 0.236667
103 0.683854 0.744583 0.022917 0.057500
120 0.546875 0.712500 0.014583 0.070000
83 0.197135 0.739167 0.048438 0.098333
83 0.457292 0.812083 0.119792 0.184167
83 0.517188 0.572917 0.056250 0.039167
83 0.291406 0.459167 0.082812 0.108333
119 0.261458 0.293750 0.045833 0.075833
83 0.272656 0.443333 0.035937 0.045000
83 0.978125 0.765000 0.042708 0.140000
83 0.320312 0.400000 0.023958 0.041667
7 0.260417 0.838333 0.353125 0.296667
