83 0.488021 0.670000 0.236458 0.178333
83 0.327083 0.284167 0.011458 0.021667
83 0.822135 0.762917 0.134896 0.230833
83 0.237500 0.396250 0.033333 0.037500
83 0.253646 0.817500 0.155208 0.366667
83 0.264323 0.583750 0.101562 0.127500
83 0.380208 0.372917 0.022917 0.030833
83 0.548958 0.873333 0.185417 0.240000
103 0.684115 0.775000 0.018229 0.088333
120 0.546875 0.724583 0.014583 0.059167
83 0.210417 0.692083 0.007292 0.039167
83 0.460417 0.815417 0.117708 0.199167
83 0.401562 0.717917 0.014583 0.024167
83 0.285417 0.441250 0.093750 0.120833
119 0.278646 0.324167 0.043750 0.078333
83 0.263802 0.466667 0.035937 0.036667
7 0.221354 0.865417 0.329167 0.225833
