83 0.318750 0.511667 0.271875 0.211667
83 0.293490 0.286667 0.045312 0.031667
83 0.823698 0.783750 0.139063 0.310833
83 0.250781 0.395000 0.040104 0.036667
83 0.109115 0.874583 0.115104 0.252500
83 0.155208 0.685000 0.078125 0.211667
83 0.375260 0.356250 0.023438 0.030833
83 0.612760 0.902917 0.156771 0.167500
120 0.500000 0.702083 0.039583 0.080833
83 0.211198 0.711250 0.061979 0.124167
83 0.521615 0.822500 0.154688 0.256667
83 0.603385 0.457500 0.122396 0.135000
83 0.325260 0.562917 0.014063 0.032500
119 0.201042 0.247917 0.064583 0.080833
83 0.912500 0.734167 0.170833 0.161667
83 0.284635 0.365000 0.042188 0.050000
7 0.415625 0.856667 0.319792 0.290000
83 0.380990 0.410833 0.028646 0.030000
