83 0.154167 0.397500 0.285417 0.211667
83 0.814063 0.592500 0.115625 0.215000
83 0.252865 0.393333 0.027604 0.020000
83 0.408333 0.956667 0.055208 0.086667
83 0.091406 0.768750 0.067187 0.230833
83 0.367448 0.350417 0.018229 0.027500
83 0.770833 0.917083 0.222917 0.127500
103 0.682292 0.855417 0.017708 0.079167
120 0.476562 0.780833 0.043750 0.143333
83 0.173177 0.694167 0.092188 0.160000
83 0.544010 0.794583 0.165104 0.075833
83 0.669271 0.350833 0.073958 0.105000
83 0.311979 0.612083 0.037500 0.159167
119 0.110417 0.173750 0.034375 0.052500
83 0.829167 0.711250 0.144792 0.122500
83 0.014063 0.640417 0.028125 0.054167
83 0.227865 0.314167 0.054688 0.055000
7 0.533594 0.874583 0.293229 0.254167
7 0.924740 0.969167 0.146354 0.061667
83 0.402604 0.393333 0.034375 0.033333
