83 0.201563 0.439167 0.260417 0.208333
83 0.769010 0.637083 0.188021 0.184167
83 0.261979 0.393750 0.028125 0.035833
83 0.261458 0.923750 0.108333 0.150833
83 0.106771 0.763750 0.057292 0.197500
83 0.367448 0.351250 0.023438 0.030833
83 0.724479 0.919167 0.222917 0.126667
120 0.484896 0.732083 0.038542 0.107500
83 0.198177 0.703333 0.067187 0.138333
83 0.526563 0.767500 0.158333 0.185000
83 0.650260 0.377917 0.108854 0.120833
83 0.311719 0.583750 0.040104 0.130833
119 0.173437 0.220833 0.028125 0.046667
83 0.843750 0.716250 0.171875 0.117500
83 0.247917 0.334167 0.052083 0.056667
7 0.490365 0.859583 0.279687 0.277500
83 0.399479 0.398750 0.041667 0.037500
