1 0.451823 0.648333 0.031771 0.066667
60 0.398438 0.483333 0.013542 0.023333
35 0.605469 0.775000 0.023438 0.036667
107 0.559115 0.532500 0.008854 0.016667
107 0.680469 0.725000 0.008854 0.016667
107 0.692448 0.697500 0.008854 0.016667
107 0.500260 0.547500 0.008854 0.016667
107 0.684115 0.830000 0.008854 0.016667
107 0.681250 0.724167 0.008333 0.015000
107 0.634115 0.763333 0.008854 0.016667
107 0.639323 0.759167 0.008854 0.016667
107 0.661198 0.725833 0.008854 0.016667
107 0.665885 0.716667 0.008854 0.016667
107 0.673958 0.856250 0.012500 0.017500
71 0.079167 0.813333 0.104167 0.130000
107 0.277344 0.272083 0.016146 0.027500
121 0.396094 0.662083 0.015104 0.024167
