1 0.478385 0.757500 0.029687 0.076667
60 0.393750 0.475000 0.013542 0.023333
35 0.617969 0.812083 0.025521 0.045833
107 0.554948 0.535000 0.008854 0.016667
107 0.691406 0.725833 0.008854 0.016667
107 0.693490 0.697500 0.008854 0.016667
107 0.520052 0.543333 0.008854 0.016667
107 0.687760 0.822500 0.008854 0.016667
107 0.691667 0.725000 0.008333 0.015000
107 0.663802 0.729167 0.008854 0.016667
107 0.662240 0.715833 0.008854 0.016667
107 0.682031 0.848333 0.008854 0.016667
71 0.030208 0.665417 0.061458 0.150833
107 0.288802 0.264583 0.016146 0.027500
121 0.396354 0.668333 0.015625 0.025000
