1 0.425781 0.569167 0.031771 0.066667
60 0.400781 0.493333 0.013021 0.023333
35 0.587240 0.746667 0.023438 0.036667
107 0.564323 0.527500 0.008854 0.016667
107 0.664323 0.724167 0.008854 0.016667
107 0.688802 0.700833 0.008854 0.016667
107 0.499219 0.548333 0.008854 0.016667
107 0.673698 0.839167 0.008854 0.016667
107 0.674219 0.721667 0.008854 0.016667
107 0.660417 0.857083 0.012500 0.017500
71 0.157552 0.967083 0.083854 0.067500
107 0.286198 0.285417 0.016146 0.027500
121 0.399219 0.654167 0.018229 0.018333
