83 0.374740 0.546667 0.265104 0.208333
83 0.307812 0.282917 0.039583 0.030833
83 0.827604 0.793333 0.144792 0.331667
83 0.252083 0.397083 0.040625 0.042500
83 0.169271 0.827083 0.308333 0.347500
83 0.198958 0.644583 0.065625 0.185833
83 0.377344 0.359583 0.023438 0.030833
83 0.590104 0.893333 0.198958 0.191667
120 0.504687 0.698333 0.023958 0.078333
83 0.210156 0.715417 0.055729 0.090833
83 0.498437 0.792500 0.142708 0.155000
83 0.567448 0.505417 0.120313 0.130833
83 0.284115 0.455000 0.015104 0.023333
119 0.221875 0.257917 0.056250 0.069167
83 0.282552 0.428333 0.034896 0.036667
83 0.925000 0.742917 0.147917 0.167500
83 0.298698 0.381250 0.034896 0.052500
7 0.362240 0.841667 0.313021 0.305000
83 0.374219 0.411250 0.027604 0.027500
