83 0.422656 0.584167 0.275521 0.211667
83 0.314583 0.285000 0.035417 0.028333
83 0.830729 0.781250 0.150000 0.327500
83 0.250521 0.398333 0.045833 0.041667
83 0.214323 0.820833 0.339062 0.355000
83 0.213281 0.631667 0.098437 0.201667
83 0.377865 0.362083 0.023438 0.030833
83 0.575781 0.884167 0.207813 0.218333
120 0.521875 0.697917 0.058333 0.079167
83 0.203646 0.728750 0.053125 0.085833
83 0.457292 0.813333 0.118750 0.160000
83 0.543490 0.542083 0.091146 0.080833
83 0.295312 0.471667 0.070833 0.098333
119 0.246094 0.280417 0.058854 0.072500
83 0.273958 0.434167 0.025000 0.031667
83 0.943750 0.747083 0.113542 0.155833
83 0.312240 0.395000 0.029687 0.056667
7 0.323437 0.840417 0.317708 0.284167
83 0.368229 0.412083 0.020833 0.034167
